0.166667 0.166667 0.0192901
0.333333 0.166667 0.0308642
0.5 0.166667 0.0347222
0.666667 0.166667 0.0308642
0.833333 0.166667 0.0192901
0.166667 0.333333 0.0308642
0.333333 0.333333 0.0493827
0.5 0.333333 0.0555556
0.666667 0.333333 0.0493827
0.833333 0.333333 0.0308642
0.166667 0.5 0.0347222
0.333333 0.5 0.0555556
0.5 0.5 0.0625
0.666667 0.5 0.0555556
0.833333 0.5 0.0347222
0.166667 0.666667 0.0308642
0.333333 0.666667 0.0493827
0.5 0.666667 0.0555556
0.666667 0.666667 0.0493827
0.833333 0.666667 0.0308642
0.166667 0.833333 0.0192901
0.333333 0.833333 0.0308642
0.5 0.833333 0.0347222
0.666667 0.833333 0.0308642
0.833333 0.833333 0.0192901
