   1.9290123474884867E-002
   3.0864197556791539E-002
   3.4722222250082507E-002
   3.0864197556791536E-002
   1.9290123474884870E-002
   3.0864197556791564E-002
   4.9382716087010663E-002
   5.5555555598233296E-002
   4.9382716087010649E-002
   3.0864197556791598E-002
   3.4722222250082507E-002
   5.5555555598233310E-002
   6.2500000041788947E-002
   5.5555555598233289E-002
   3.4722222250082528E-002
   3.0864197556791550E-002
   4.9382716087010600E-002
   5.5555555598233199E-002
   4.9382716087010607E-002
   3.0864197556791567E-002
   1.9290123474884856E-002
   3.0864197556791546E-002
   3.4722222250082486E-002
   3.0864197556791539E-002
   1.9290123474884888E-002
