  0.16666666666666666       0.16666666666666666        1.9290123474884867E-002
  0.33333333333333331       0.16666666666666666        3.0864197556791539E-002
  0.50000000000000000       0.16666666666666666        3.4722222250082507E-002
  0.66666666666666663       0.16666666666666666        3.0864197556791536E-002
  0.83333333333333326       0.16666666666666666        1.9290123474884870E-002
  0.16666666666666666       0.33333333333333331        3.0864197556791564E-002
  0.33333333333333331       0.33333333333333331        4.9382716087010663E-002
  0.50000000000000000       0.33333333333333331        5.5555555598233296E-002
  0.66666666666666663       0.33333333333333331        4.9382716087010649E-002
  0.83333333333333326       0.33333333333333331        3.0864197556791598E-002
  0.16666666666666666       0.50000000000000000        3.4722222250082507E-002
  0.33333333333333331       0.50000000000000000        5.5555555598233310E-002
  0.50000000000000000       0.50000000000000000        6.2500000041788947E-002
  0.66666666666666663       0.50000000000000000        5.5555555598233289E-002
  0.83333333333333326       0.50000000000000000        3.4722222250082528E-002
  0.16666666666666666       0.66666666666666663        3.0864197556791550E-002
  0.33333333333333331       0.66666666666666663        4.9382716087010600E-002
  0.50000000000000000       0.66666666666666663        5.5555555598233199E-002
  0.66666666666666663       0.66666666666666663        4.9382716087010607E-002
  0.83333333333333326       0.66666666666666663        3.0864197556791567E-002
  0.16666666666666666       0.83333333333333326        1.9290123474884856E-002
  0.33333333333333331       0.83333333333333326        3.0864197556791546E-002
  0.50000000000000000       0.83333333333333326        3.4722222250082486E-002
  0.66666666666666663       0.83333333333333326        3.0864197556791539E-002
  0.83333333333333326       0.83333333333333326        1.9290123474884888E-002
