  0.16666666666666666       0.16666666666666666        4.3823654433949019E-002   2.0258295785565036E-002   1.9335223009544825E-002   1.9292316327376321E-002   1.9290231175491383E-002   1.9290128760686382E-002   1.9290123717827817E-002   1.9290123474884867E-002   1.9290123474884867E-002   1.9290123474884867E-002   1.9290123474884867E-002   1.9290123474884867E-002   1.9290123474884867E-002
  0.33333333333333331       0.16666666666666666        6.6651032463431265E-002   3.2473245540519786E-002   3.0941576181151110E-002   3.0867987345895371E-002   3.0864384007823872E-002   3.0864206717385080E-002   3.0864197975911851E-002   3.0864197556791539E-002   3.0864197556791539E-002   3.0864197556791539E-002   3.0864197556791539E-002   3.0864197556791539E-002   3.0864197556791539E-002
  0.50000000000000000       0.16666666666666666        7.3794108258072810E-002   3.6551146345268529E-002   3.4811211547873804E-002   3.4726593930244395E-002   3.4722437493923043E-002   3.4722232828460771E-002   3.4722222745784785E-002   3.4722222250082507E-002   3.4722222250082507E-002   3.4722222250082507E-002   3.4722222250082507E-002   3.4722222250082507E-002   3.4722222250082507E-002
  0.66666666666666663       0.16666666666666666        6.6651032463431265E-002   3.2473245540519786E-002   3.0941576181151106E-002   3.0867987345895367E-002   3.0864384007823882E-002   3.0864206717385070E-002   3.0864197975912049E-002   3.0864197556791536E-002   3.0864197556791536E-002   3.0864197556791536E-002   3.0864197556791536E-002   3.0864197556791536E-002   3.0864197556791536E-002
  0.83333333333333326       0.16666666666666666        4.3823654433949012E-002   2.0258295785565039E-002   1.9335223009544832E-002   1.9292316327376331E-002   1.9290231175491387E-002   1.9290128760686406E-002   1.9290123717827620E-002   1.9290123474884870E-002   1.9290123474884870E-002   1.9290123474884870E-002   1.9290123474884870E-002   1.9290123474884870E-002   1.9290123474884870E-002
  0.16666666666666666       0.33333333333333331        6.6651032463431265E-002   3.2473245540519786E-002   3.0941576181151110E-002   3.0867987345895367E-002   3.0864384007823882E-002   3.0864206717385073E-002   3.0864197975911879E-002   3.0864197556791564E-002   3.0864197556791564E-002   3.0864197556791564E-002   3.0864197556791564E-002   3.0864197556791564E-002   3.0864197556791564E-002
  0.33333333333333331       0.33333333333333331       0.10299827855729241        5.2072428666102982E-002   4.9515595401030503E-002   4.9389266596586372E-002   4.9383038874095141E-002   4.9382731957964214E-002   4.9382716835466085E-002   4.9382716087010663E-002   4.9382716087010663E-002   4.9382716087010663E-002   4.9382716087010663E-002   4.9382716087010663E-002   4.9382716087010663E-002
  0.50000000000000000       0.33333333333333331       0.11454148839654800        5.8618629308629530E-002   5.5708424035438193E-002   5.5563112268203291E-002   5.5555928231875010E-002   5.5555573924095665E-002   5.5555556466372433E-002   5.5555555598233296E-002   5.5555555598233296E-002   5.5555555598233296E-002   5.5555555598233296E-002   5.5555555598233296E-002   5.5555555598233296E-002
  0.66666666666666663       0.33333333333333331       0.10299827855729241        5.2072428666102989E-002   4.9515595401030496E-002   4.9389266596586372E-002   4.9383038874095141E-002   4.9382731957964256E-002   4.9382716835465780E-002   4.9382716087010649E-002   4.9382716087010649E-002   4.9382716087010649E-002   4.9382716087010649E-002   4.9382716087010649E-002   4.9382716087010649E-002
  0.83333333333333326       0.33333333333333331        6.6651032463431265E-002   3.2473245540519793E-002   3.0941576181151110E-002   3.0867987345895374E-002   3.0864384007823879E-002   3.0864206717385059E-002   3.0864197975912142E-002   3.0864197556791598E-002   3.0864197556791598E-002   3.0864197556791598E-002   3.0864197556791598E-002   3.0864197556791598E-002   3.0864197556791598E-002
  0.16666666666666666       0.50000000000000000        7.3794108258072810E-002   3.6551146345268536E-002   3.4811211547873804E-002   3.4726593930244389E-002   3.4722437493923057E-002   3.4722232828460771E-002   3.4722222745784688E-002   3.4722222250082507E-002   3.4722222250082507E-002   3.4722222250082507E-002   3.4722222250082507E-002   3.4722222250082507E-002   3.4722222250082507E-002
  0.33333333333333331       0.50000000000000000       0.11454148839654800        5.8618629308629523E-002   5.5708424035438207E-002   5.5563112268203298E-002   5.5555928231875031E-002   5.5555573924095637E-002   5.5555556466372544E-002   5.5555555598233310E-002   5.5555555598233310E-002   5.5555555598233310E-002   5.5555555598233310E-002   5.5555555598233310E-002   5.5555555598233310E-002
  0.50000000000000000       0.50000000000000000       0.12754465054553732        6.5990532903366830E-002   6.2675886855217022E-002   6.2508717610182715E-002   6.2500430227587500E-002   6.2500021210242188E-002   6.2500001044777126E-002   6.2500000041788947E-002   6.2500000041788947E-002   6.2500000041788947E-002   6.2500000041788947E-002   6.2500000041788947E-002   6.2500000041788947E-002
  0.66666666666666663       0.50000000000000000       0.11454148839654800        5.8618629308629551E-002   5.5708424035438207E-002   5.5563112268203298E-002   5.5555928231875017E-002   5.5555573924095623E-002   5.5555556466372849E-002   5.5555555598233289E-002   5.5555555598233289E-002   5.5555555598233289E-002   5.5555555598233289E-002   5.5555555598233289E-002   5.5555555598233289E-002
  0.83333333333333326       0.50000000000000000        7.3794108258072824E-002   3.6551146345268549E-002   3.4811211547873804E-002   3.4726593930244395E-002   3.4722437493923043E-002   3.4722232828460813E-002   3.4722222745784376E-002   3.4722222250082528E-002   3.4722222250082528E-002   3.4722222250082528E-002   3.4722222250082528E-002   3.4722222250082528E-002   3.4722222250082528E-002
  0.16666666666666666       0.66666666666666663        6.6651032463431265E-002   3.2473245540519800E-002   3.0941576181151117E-002   3.0867987345895371E-002   3.0864384007823882E-002   3.0864206717385045E-002   3.0864197975912090E-002   3.0864197556791550E-002   3.0864197556791550E-002   3.0864197556791550E-002   3.0864197556791550E-002   3.0864197556791550E-002   3.0864197556791550E-002
  0.33333333333333331       0.66666666666666663       0.10299827855729241        5.2072428666102989E-002   4.9515595401030517E-002   4.9389266596586365E-002   4.9383038874095141E-002   4.9382731957964235E-002   4.9382716835465808E-002   4.9382716087010600E-002   4.9382716087010600E-002   4.9382716087010600E-002   4.9382716087010600E-002   4.9382716087010600E-002   4.9382716087010600E-002
  0.50000000000000000       0.66666666666666663       0.11454148839654800        5.8618629308629551E-002   5.5708424035438214E-002   5.5563112268203284E-002   5.5555928231875024E-002   5.5555573924095610E-002   5.5555556466372905E-002   5.5555555598233199E-002   5.5555555598233199E-002   5.5555555598233199E-002   5.5555555598233199E-002   5.5555555598233199E-002   5.5555555598233199E-002
  0.66666666666666663       0.66666666666666663       0.10299827855729241        5.2072428666103003E-002   4.9515595401030496E-002   4.9389266596586365E-002   4.9383038874095134E-002   4.9382731957964263E-002   4.9382716835465593E-002   4.9382716087010607E-002   4.9382716087010607E-002   4.9382716087010607E-002   4.9382716087010607E-002   4.9382716087010607E-002   4.9382716087010607E-002
  0.83333333333333326       0.66666666666666663        6.6651032463431265E-002   3.2473245540519793E-002   3.0941576181151113E-002   3.0867987345895371E-002   3.0864384007823879E-002   3.0864206717385042E-002   3.0864197975912250E-002   3.0864197556791567E-002   3.0864197556791567E-002   3.0864197556791567E-002   3.0864197556791567E-002   3.0864197556791567E-002   3.0864197556791567E-002
  0.16666666666666666       0.83333333333333326        4.3823654433949012E-002   2.0258295785565046E-002   1.9335223009544832E-002   1.9292316327376328E-002   1.9290231175491394E-002   1.9290128760686379E-002   1.9290123717827734E-002   1.9290123474884856E-002   1.9290123474884856E-002   1.9290123474884856E-002   1.9290123474884856E-002   1.9290123474884856E-002   1.9290123474884856E-002
  0.33333333333333331       0.83333333333333326        6.6651032463431265E-002   3.2473245540519793E-002   3.0941576181151113E-002   3.0867987345895371E-002   3.0864384007823882E-002   3.0864206717385049E-002   3.0864197975912066E-002   3.0864197556791546E-002   3.0864197556791546E-002   3.0864197556791546E-002   3.0864197556791546E-002   3.0864197556791546E-002   3.0864197556791546E-002
  0.50000000000000000       0.83333333333333326        7.3794108258072824E-002   3.6551146345268549E-002   3.4811211547873797E-002   3.4726593930244389E-002   3.4722437493923057E-002   3.4722232828460778E-002   3.4722222745784577E-002   3.4722222250082486E-002   3.4722222250082486E-002   3.4722222250082486E-002   3.4722222250082486E-002   3.4722222250082486E-002   3.4722222250082486E-002
  0.66666666666666663       0.83333333333333326        6.6651032463431265E-002   3.2473245540519793E-002   3.0941576181151117E-002   3.0867987345895367E-002   3.0864384007823879E-002   3.0864206717385052E-002   3.0864197975912156E-002   3.0864197556791539E-002   3.0864197556791539E-002   3.0864197556791539E-002   3.0864197556791539E-002   3.0864197556791539E-002   3.0864197556791539E-002
  0.83333333333333326       0.83333333333333326        4.3823654433949012E-002   2.0258295785565043E-002   1.9335223009544832E-002   1.9292316327376324E-002   1.9290231175491387E-002   1.9290128760686403E-002   1.9290123717827599E-002   1.9290123474884888E-002   1.9290123474884888E-002   1.9290123474884888E-002   1.9290123474884888E-002   1.9290123474884888E-002   1.9290123474884888E-002
