  0.55555555555555558     
  0.72222222222222221     
  0.77777777777777779     
  0.72222222222222221     
  0.55555555555555569     
  0.72222222222222221     
  0.88888888888888884     
  0.94444444444444442     
  0.88888888888888884     
  0.72222222222222232     
  0.77777777777777779     
  0.94444444444444442     
   1.0000000000000000     
  0.94444444444444442     
  0.77777777777777790     
  0.72222222222222221     
  0.88888888888888884     
  0.94444444444444442     
  0.88888888888888884     
  0.72222222222222232     
  0.55555555555555569     
  0.72222222222222232     
  0.77777777777777790     
  0.72222222222222232     
  0.55555555555555580     
